0,1,2,3,4,5,6,7,8,9,10,11,12,13,14,15,16,17,18,19,20,21,22,23,24,25,26,27,28,29,30,31,32,33,34,35,36,37,38,39,40,41,42,43,44,45,46,47,48,49,50,51,52,53,54,55,56,57,58,59,60,61,62,63,64,65,66,67,68,69,70,71
1.0,0.6730918156992102,0.5401592452142566,0.9398318761853671,0.7235883045098284,0.686499388339073,0.27490111714098975,0.6797447398725798,0.31527955468883545,0.8446223303090915,0.08872139507342694,0.8341417148007366,0.868026623384205,0.8003706277706356,0.5006124658598574,0.6898494646435687,0.5880352189407595,0.7446913914309269,0.8998884357447585,-0.47444077349959857,-0.16698191642534496,-0.36713971370350046,0.039168597680019186,-0.263924765421817,0.6356479252147873,-0.21673734305841988,-0.5062986911012706,-0.521109639672144,-0.5912726794210179,-0.27206281704834656,-0.448889165964401,-0.254820363946947,-0.48146780844158665,-0.25095480320769326,-0.5017271238146531,-0.2923366068209963,0.5105159214207685,-0.5132127309318679,-0.46060565686644506,-0.38511855467724565,-0.3325569132345489,-0.6014589632638447,-0.5310120226762162,-0.11407036509440603,-0.3078544521800809,-0.2655763011557901,-0.32994420054635587,-0.4284250051568217,-0.5132127309318677,-0.31616061699830894,-0.5244185478716096,-0.5362768130924871,-0.2428471173785847,-0.6424689561028382,-0.19372687627261095,-0.011031723205358297,-0.08962214298964423,-0.08345997356086275,-0.5041096647190397,-0.19757566798144266,-0.11407036509440603,-0.4084671247963069,-0.28667290944031537,-0.1862761261695202,-0.16329125261907926,-0.3671996235347487,-0.4027850897937285,0.11938650567479583,-0.5113338317637403,-0.5830670938483049,-0.07450141236573384,-0.17651287491913203
0.6730918156992102,1.0,0.9247678537879186,0.616365891724495,0.47554363915917774,0.986383832033024,0.6333953490622883,0.9708803299683136,0.5528075385120231,0.8092393802291553,0.14866389938225147,0.8596349574780191,0.788091818953207,0.8885623401769209,0.9339813528413292,0.9348755588603139,0.6530364201109073,0.9760602146440929,0.501052401621662,-0.49424121544179905,-0.23374178873925686,-0.2894151302761323,0.35016490190440375,0.05899704000436168,0.8692783033266868,-0.07749071781369313,-0.31303051298649004,-0.5667129071951144,-0.7171462901581142,-0.16235784876130235,-0.11639962262003883,-0.15221177956878518,-0.4731947372340262,-0.21914159983013345,-0.542892067073161,-0.08493452886759309,0.733577205305414,-0.5565258117432066,-0.4373662944751271,-0.4194268048212083,-0.0823836699378822,-0.6414952728784303,-0.3337676527951268,-0.11562747729730669,-0.2828691754794608,0.05464993630165698,-0.5304616201900562,-0.3286748540438295,-0.4952569150375323,-0.09922620601712244,-0.7143469487785244,-0.6362403724883509,-0.046739637462794484,-0.6512389486482693,-0.0944493449983142,0.20607402121794968,0.05450731552561261,0.09615938464244017,-0.5008346475426885,-0.12397831669473221,-0.11562747729730669,-0.20830729059695263,-0.4427979042001022,0.0944094398745488,-0.21596451960679233,-0.21507768393024687,-0.25695048683143845,0.437140099029188,-0.35192090671187976,-0.57162346521146,0.22930964143753976,-0.09808036109389506
0.5401592452142566,0.9247678537879186,1.0,0.5019742663057853,0.43200176986554784,0.9106869888980442,0.7546254388189749,0.9653672417680952,0.7474521657020547,0.6286010162898833,0.20252879781920086,0.7366370622081759,0.7303578954668355,0.8221708575830462,0.9854883673931324,0.9523811791814951,0.4910515061387479,0.9188418248331218,0.387697984396756,-0.3968921523099103,-0.11011809820102195,-0.2511717575808528,0.3905898354993514,0.015208090566923394,0.8304437334456825,-0.1024541564034876,-0.14594839756438388,-0.46145472757111033,-0.5529953267862996,-0.16031294709816368,0.004766055403067147,-0.043626846089926744,-0.3970027676701229,-0.07291036721491231,-0.46235337675922056,-0.02805342605852925,0.609583599468798,-0.4346311183845397,-0.3732016073580766,-0.22489359938519138,-0.11669492709338483,-0.47707158804083394,-0.13409813754406402,-0.07522498204713182,-0.2713963804633468,0.040416293392619894,-0.4029836195068092,-0.16230428210923437,-0.3917045881737206,-0.06186135144141017,-0.5802972170078217,-0.5140149805996472,-0.10525810407200784,-0.38875326437261587,-0.12088910139118954,0.13598641949615453,0.23731857733611258,-0.011596765228186631,-0.40786813908047787,-0.010022576223391397,-0.07522498204713182,0.04054036878477645,-0.3053879226294872,0.26930720127572755,-0.10768424854744572,-0.23664929645437324,-0.09774416406614243,0.4801711833056314,-0.12852837595202043,-0.45927747157115745,0.04993489685489391,0.0018741154944359312
0.9398318761853671,0.616365891724495,0.5019742663057853,1.0,0.530858818415757,0.6498652881392448,0.18340702286272495,0.6156908118916917,0.22309037144474358,0.818909785133263,-0.09543305571897799,0.7426818245789372,0.7667551707554655,0.7700430067927989,0.4620532937661322,0.6580762811393066,0.5892780132077683,0.7150358268885958,0.8207242791832112,-0.4431121774458467,-0.13969968905677815,-0.3848304714374866,0.12107306384920774,-0.2894027718497401,0.6008372680913184,-0.2224049916507798,-0.5854909761053004,-0.48980621404758695,-0.5495548715406943,-0.2679363615216836,-0.44541705552376054,-0.2398350502086786,-0.47141795582726626,-0.2099527225817517,-0.4767524164984683,-0.2944227412415821,0.5322393150872925,-0.4896691248867151,-0.44140080995053954,-0.3317871776029915,-0.35180178551472363,-0.568859165468999,-0.5991968024760287,-0.09543305571897803,-0.29760546794674103,-0.3157370009805856,-0.2760364907119789,-0.3706288485234646,-0.4896691248867148,-0.3439643684149541,-0.46848164479459686,-0.48643928075321785,-0.3101552719602558,-0.7020927798105292,-0.20510619265461388,-0.05648339297684732,-0.026992544339297205,-0.1475409836065574,-0.46868821729945437,-0.16529490122682158,-0.09543305571897803,-0.5081376523869816,-0.23983505020867865,-0.23376229110609242,-0.1366120218579235,-0.37205033612538047,-0.49726775956284147,0.19120004834478282,-0.5623754862979817,-0.543852257403966,-0.15993368882925382,-0.19163204325354602
0.7235883045098284,0.47554363915917774,0.43200176986554784,0.530858818415757,1.0,0.4585900937677173,0.5090706310465312,0.5214532242924128,0.5557076115454174,0.44543540318737396,0.6831300510639732,0.515687954032345,0.6548995038637347,0.5135525910130956,0.40618119722996177,0.48672479904405763,0.11525073729836988,0.48027676396711616,0.6831300510639733,-0.5239745380130894,-0.14285714285714293,-0.4210237308182815,-0.33333333333333337,-0.2959437733937139,0.31538526816605894,-0.36920735043032066,-0.2794045713622834,-0.5116482203407046,-0.5114610840453097,-0.41316281893186196,-0.455484248831107,-0.24525573579398632,-0.49334937136405976,-0.2146980160486773,-0.49893200305250607,-0.30107720274771466,0.0755928946018455,-0.5128024307957477,-0.5186632757708289,-0.4275557046049463,-0.35975311233691215,-0.5212782995468438,-0.25623659477797717,-0.09759000729485336,-0.43042952956135494,-0.3228732015003787,-0.2822753912601658,-0.4913036844405175,-0.5128024307957475,-0.3676363439461174,-0.4790701375804085,-0.5553870816787396,-0.3550358012483632,-0.21302148074901803,-0.34522742695914743,-0.22084711628963774,-0.27602622373694174,-0.19557956467948945,-0.533284914639702,-0.1690308509457034,-0.09759000729485336,-0.08204564831166314,-0.24525573579398638,-0.11952286093343963,-0.13969968905677818,-0.3804593150977575,-0.19557956467948928,-0.24804966296918673,-0.30966176864266615,-0.5561442559658178,-0.18307664093930592,-0.3476767476825587
0.686499388339073,0.986383832033024,0.9106869888980442,0.6498652881392448,0.4585900937677173,1.0,0.6050853913498034,0.9495409308369401,0.5221555038017899,0.8278402250140641,0.1374020500758653,0.8527950629137716,0.7957565331315669,0.906231965559743,0.9182817404236572,0.9307960374745259,0.6945049468757719,0.9842256801355079,0.48915129827008047,-0.4792134462474482,-0.18504512555539454,-0.27437302259202745,0.3978023230538676,0.07889039853441626,0.8926996001312406,-0.052398485300368496,-0.319955765986711,-0.5565853674274515,-0.7165565658336185,-0.1367536846499144,-0.10713481991480314,-0.0966863279450333,-0.4516964263710748,-0.15498951248557605,-0.5274563686307413,-0.04117907692753936,0.7663044264171608,-0.552118587432588,-0.4192047056814422,-0.42954037922294447,-0.03694580942600559,-0.6445862564365452,-0.3419461149954321,-0.038472574021242274,-0.2652849312955302,0.08283639698358239,-0.4732476697413991,-0.33598412685719564,-0.4909608362092856,-0.07778204695861422,-0.682216438923392,-0.6323663387709579,-0.04398885756727903,-0.6882701047648005,-0.06272972528505748,0.23440254264699753,0.06995370337745606,0.13060246710788678,-0.4809175061357734,-0.06663645290274607,-0.038472574021242274,-0.24181420108873725,-0.3867453117801332,0.10770077193542774,-0.15577884630940733,-0.16343139977277873,-0.2659255053160584,0.4741474142519747,-0.3662306924414605,-0.5533372716282818,0.2412662901501531,-0.10858270328691731
0.27490111714098975,0.6333953490622883,0.7546254388189749,0.18340702286272495,0.5090706310465312,0.6050853913498034,1.0,0.7208205362160609,0.9380183548772384,0.25062735355854265,0.5674002542969243,0.37808133610949507,0.5670275808490765,0.5779079340247337,0.7478100432111076,0.6151907806543699,-0.015439675148699527,0.6048029147135319,0.12812263806704746,-0.4747537857475535,-0.13396595553856072,-0.4012659644133354,0.05656340344961449,-0.233120775483652,0.4272034313279189,-0.32406988390527586,-0.09232906094816255,-0.47980409916282585,-0.49383982798596504,-0.38201039246313884,-0.14572864321608037,-0.18399314638294337,-0.48379358602766487,-0.15740781248237248,-0.49996247098197427,-0.2070483551391364,0.17013148920200047,-0.46957149766108836,-0.46534979049726255,-0.28712861235409054,-0.30561090393797735,-0.44916126801503137,-0.0814892661904558,-0.16472910608620386,-0.4263806223991912,-0.19512367649397513,-0.280996712074406,-0.30276265071017155,-0.458256521813833,-0.21803441953511934,-0.48776107450721407,-0.54799398299098,-0.3684524629580434,-0.08730399724708673,-0.3481743420782953,-0.16886775585818728,-1.1495107875185257e-17,-0.30917183854002217,-0.4849014281081116,-0.1585106562370603,-0.16472910608620386,0.1487492470528055,-0.22999143297867922,0.1569175438817768,-0.15196581894340053,-0.36237672151799805,-0.0786030097983101,0.08483477171986663,-0.12445240418992638,-0.45501670660560567,-0.27240251917075603,-0.25490238480494204
0.6797447398725798,0.9708803299683136,0.9653672417680952,0.6156908118916917,0.5214532242924128,0.9495409308369401,0.7208205362160609,1.0,0.6919591015792145,0.7467170193142547,0.19790020429908303,0.8429378897648421,0.8356427627305717,0.8909924675087857,0.9604045088134188,0.9584072239320262,0.567590980904065,0.9659900589044611,0.5145405311776157,-0.4858815731405456,-0.17381774143080425,-0.3171193739116197,0.31544701222627436,-0.018670915820803227,0.851169469091528,-0.14574807356093722,-0.2536196847069776,-0.549723682669674,-0.6564528659782447,-0.22048473517958084,-0.11953305374437181,-0.14920429324031256,-0.485932949645245,-0.19790020429908295,-0.5453927820704854,-0.11823281933528287,0.643829924187571,-0.5260663187581196,-0.44914001958690153,-0.32630121672079804,-0.17451594226821965,-0.5852276140418935,-0.2635730486274375,-0.1187401225794498,-0.32045724898170586,-0.024249853986006004,-0.496096317588979,-0.2751690674218239,-0.48528598397066813,-0.13567121715802588,-0.6754194354428334,-0.6039337486165753,-0.12479440933568975,-0.5151769205909248,-0.1593887371494482,0.13550334779831644,0.1306074713608791,-0.018886221223671586,-0.4955433700509313,-0.11425773622475749,-0.1187401225794498,-0.08503775091426863,-0.3978781153075004,0.14542635615758961,-0.16997599101304373,-0.2934814578015253,-0.1926394564814489,0.4083285047633045,-0.2691235461646822,-0.5633503149198855,0.09405159501101173,-0.047002967690149736
0.31527955468883545,0.5528075385120231,0.7474521657020547,0.22309037144474358,0.5557076115454174,0.5221555038017899,0.9380183548772384,0.6919591015792145,1.0,0.18239188505486092,0.5394608086523583,0.33593335743217256,0.5822397448813714,0.5257093648115617,0.7280677796464684,0.6368890140682855,-0.11123728918139632,0.555860801410715,0.21978032945096074,-0.45176627538140274,-0.029247769028706207,-0.43099016921020383,-0.02924776902870628,-0.33526392469050015,0.38024678249755917,-0.4142301266165619,-0.08989156405645571,-0.4576007670003733,-0.3994632580018568,-0.4466873526941912,-0.18102108602894068,-0.15063684538282587,-0.4819409067013878,-0.09190813777040184,-0.4873944427427345,-0.23775758511590073,0.04642939395204823,-0.4261289392194654,-0.47354199907829775,-0.16659954369399899,-0.4029297844105478,-0.3727592096121169,-0.04333688619661786,-0.09990014975043673,-0.4704069223847313,-0.3011370084681167,-0.23561141080693182,-0.2442821236529662,-0.43848050267510186,-0.29496840587590334,-0.42035198197506835,-0.47954620285700233,-0.4603575599579631,0.05330455957407968,-0.42808029636852907,-0.2817242191505033,0.05651205866406816,-0.41757941321708425,-0.46851412639789936,-0.10381928103089742,-0.09990014975043673,0.22956672441926732,-0.1757429862799636,0.14682263526971864,-0.051482393410325455,-0.4505581460162712,-0.06292292527928614,0.008961934367858667,-0.045284579431406645,-0.4372955155393614,-0.42729574803778647,-0.2006020835630062
0.8446223303090915,0.8092393802291553,0.6286010162898833,0.818909785133263,0.44543540318737396,0.8278402250140641,0.25062735355854265,0.7467170193142547,0.18239188505486092,1.0,-0.060858061945018416,0.9355285539274978,0.7776413920215983,0.8940488587450699,0.6048147367590061,0.7654139963827324,0.8008534347238064,0.8618414466825702,0.6694386813952028,-0.44641248934718164,-0.2672612419124244,-0.3054204540412609,0.30685549997352424,0.012303557842092753,0.8231307954900816,-0.09209649399925633,-0.48952963906213914,-0.5205858125885409,-0.6654678028703216,-0.15820754376867283,-0.3007528242702512,-0.17206180040292132,-0.4307203412457432,-0.25560386016907755,-0.4978220305918205,-0.13411044519645507,0.7778174593052021,-0.5173049273178423,-0.4108605091022778,-0.3698385983702939,-0.13196793041081592,-0.6548594860119628,-0.5349544577259934,-0.18257418583505536,-0.24573659359149513,0.02237186850713422,-0.4062222318511936,-0.3282660821493063,-0.4984938390517387,-0.1796914775549731,-0.5868356996924398,-0.564692439315782,-0.044280744277004735,-0.8118136450784207,-0.08530244589991119,0.22247460415730477,0.02151657414559675,0.08711806224821934,-0.4672700587615175,-0.15811388300841894,-0.18257418583505536,-0.4604800590869858,-0.34412360080584264,-0.09316949906249149,-0.2613541867446583,-0.20004111597453136,-0.41816669879145285,0.39126494814337337,-0.5103569646381267,-0.5679754656266742,0.22072546568414575,-0.11826247919781828
0.08872139507342694,0.14866389938225147,0.20252879781920086,-0.09543305571897799,0.6831300510639732,0.1374020500758653,0.5674002542969243,0.19790020429908303,0.5394608086523583,-0.060858061945018416,1.0,0.03202563076101747,0.20224096630184563,0.11694106924093724,0.23217260943269616,0.15901998717720708,-0.3261722885168685,0.11382765989781285,-0.06666666666666664,-0.43860590849425357,-0.09759000729485336,-0.381528726074437,-0.4012033633232859,-0.2021680850305127,-0.03989799154576014,-0.4136352832903611,0.027267094157460585,-0.3863140932974141,-0.3148863439711216,-0.4406966744899045,-0.31115497816282955,-0.1675415633166782,-0.3755385562525731,-0.14666666666666667,-0.37978806697673273,-0.20567488488724453,-0.30983866769659335,-0.3915237802334908,-0.43092300412986567,-0.29207615031947,-0.24575816200113804,-0.31481381383574736,0.06849505489896693,-0.0666666666666667,-0.4596953163727414,-0.2205643866281422,-0.1928308024456601,-0.33562431103976886,-0.3915237802334908,-0.30544471752918284,-0.3272672075485291,-0.44538449337485425,-0.37188795838904387,0.19941818058542932,-0.41382408249203106,-0.3365501348476826,-0.28284271247461906,-0.28629916715693415,-0.4011943890423234,-0.11547005383792519,-0.0666666666666667,0.24287400765646652,-0.16754156331667822,-1.9489606028984095e-16,-0.09543305571897806,-0.25990319135049533,0.019086611143795725,-0.4086739609501303,-0.03021989426077495,-0.3799188539768645,-0.19176657111268272,-0.41024184123315466
0.8341417148007366,0.8596349574780191,0.7366370622081759,0.7426818245789372,0.515687954032345,0.8527950629137716,0.37808133610949507,0.8429378897648421,0.33593335743217256,0.9355285539274978,0.03202563076101747,1.0,0.8684926731375504,0.9128709291752769,0.7045565246308464,0.8402980398382279,0.7726344199355025,0.8974123474866785,0.672538245981366,-0.3996024300657237,-0.3281650616569469,-0.22275626547058167,0.3177471231916469,-0.006474560442849084,0.8471537829675199,-0.0436179430505392,-0.292537372953264,-0.46836677358226514,-0.6029938830941931,-0.10228387515460877,-0.20222955187252054,-0.2213320000610218,-0.3839343494395575,-0.3138511814579707,-0.4537716857086259,-0.1646716980053414,0.7194014606174092,-0.44545722702331436,-0.36341530010620854,-0.2941959635685484,-0.14583684988927914,-0.5627801281977763,-0.34000758725824043,-0.22417941532712204,-0.19297799311865982,0.035318568025916,-0.47741582452829096,-0.2303267198524393,-0.4256591280445003,-0.08803853767343538,-0.5951675932546476,-0.5150787536377127,0.0233020691214186,-0.6343341038608376,-0.04061396258906861,0.2620224964688884,0.11322770341445962,0.1008580255601025,-0.4186839890235878,-0.22188007849009164,-0.22417941532712204,-0.22437096030734213,-0.42254290920740517,0.07844645405527345,-0.32091189950941734,-0.23746637442961743,-0.21088496253475927,0.42615939599187375,-0.3193776878267474,-0.526361097040387,0.23631213816972318,0.0311169167290708
0.868026623384205,0.788091818953207,0.7303578954668355,0.7667551707554655,0.6548995038637347,0.7957565331315669,0.5670275808490765,0.8356427627305717,0.5822397448813714,0.7776413920215983,0.20224096630184563,0.8684926731375504,1.0,0.9137606189595202,0.7032810665359338,0.8040088967006358,0.4931895804486776,0.8561945657243208,0.6925220967305619,-0.5899702056057529,-0.27810800849007916,-0.4483956186838769,0.06877939994915928,-0.33824426066807045,0.6843986184862115,-0.303268933484057,-0.41693139573537413,-0.6409245663156238,-0.7006707157790516,-0.367341294611555,-0.41559588269947145,-0.3696411017551292,-0.595732701358753,-0.37874217325618353,-0.6382821344081331,-0.3844468386788862,0.4557241567464396,-0.6156506694853132,-0.5660366979666506,-0.4581804187759825,-0.40266891851288045,-0.6770088869534171,-0.4540543662723549,-0.18998393804112765,-0.4328665389474392,-0.2861165982221245,-0.5058868804540727,-0.4804280105661734,-0.6156506694853133,-0.3313302413335338,-0.6747619024729106,-0.6687385644671868,-0.2987629840352722,-0.5573936269314782,-0.28920025856192194,-0.05440870608951734,-0.09533730580383676,-0.17019508366883343,-0.614257452380054,-0.32906183330925076,-0.18998393804112765,-0.28337927306564825,-0.4466496646207811,-0.10508212750571254,-0.27196121617184704,-0.47831459079763333,-0.3386355788462348,0.1401945051556366,-0.4528214547930508,-0.6777488410907798,-0.10500550910142714,-0.20047220921609213
0.8003706277706356,0.8885623401769209,0.8221708575830462,0.7700430067927989,0.5135525910130956,0.906231965559743,0.5779079340247337,0.8909924675087857,0.5257093648115617,0.8940488587450699,0.11694106924093724,0.9128709291752769,0.9137606189595202,1.0,0.7946491666980875,0.8875348044428113,0.6214668049353478,0.9513541666492612,0.5847053462046862,-0.5836567066156731,-0.3423683940087304,-0.45302782975943107,0.26628652867345687,-0.18913401623888695,0.8258313411710901,-0.25660200307478626,-0.4464100404213453,-0.6453711876148965,-0.7490735814209375,-0.3213733132674714,-0.337112961514428,-0.2938873433482581,-0.582729950258998,-0.3274349938746244,-0.6491104846976525,-0.2748781823396693,0.6567206798038654,-0.6325588153742903,-0.5627173316420067,-0.42970070819589873,-0.30429764723753533,-0.7242228983954686,-0.48059309745611456,-0.23388213848187447,-0.4213407007645133,-0.12896517604383206,-0.507371404963127,-0.39949127685462105,-0.6235222608689429,-0.28575225489486905,-0.7073296674903294,-0.6944498517145142,-0.2410801902265263,-0.6901511328053499,-0.25757580848078077,0.05089206804603818,0.020672455764868033,-0.10881042487289558,-0.6066737176044033,-0.2531848417709167,-0.23388213848187447,-0.344100501386397,-0.440831015022387,-0.03580574370197203,-0.33480130730121693,-0.39332579770852616,-0.38502150339639873,0.3496885607153946,-0.47708281087241655,-0.6760800414389614,-4.2622893012354194e-17,-0.20830867704194986
0.5006124658598574,0.9339813528413292,0.9854883673931324,0.4620532937661322,0.40618119722996177,0.9182817404236572,0.7478100432111076,0.9604045088134188,0.7280677796464684,0.6048147367590061,0.23217260943269616,0.7045565246308464,0.7032810665359338,0.7946491666980875,1.0,0.9491982038177461,0.4633500202424797,0.9139725402937642,0.322776554577163,-0.44578385911482443,-0.12434118282549854,-0.2906704114746789,0.3656551820868361,0.0263310124987205,0.8113225834784212,-0.1362539902639915,-0.16907527513151674,-0.510960578574671,-0.5975899874172282,-0.2014668819172612,-0.023320479518018078,-0.07115590599451191,-0.4392204937724227,-0.10532708623044273,-0.5037468987214356,-0.04242780157963588,0.587770180830727,-0.48484475095298535,-0.4123951121547768,-0.26329868177451726,-0.10683084570781885,-0.5168400212010854,-0.15579450514715812,-0.03963922600070429,-0.3183567512767126,0.03538833968509858,-0.4674394375109484,-0.19955831874954064,-0.43583517323932586,-0.09859039353786384,-0.639364783844179,-0.5618677248117534,-0.12223418234418805,-0.40882069225977496,-0.16139091067041564,0.11533364498482646,0.18419165903998083,-0.014591156645246496,-0.44536332168314174,-0.029424494316825055,-0.03963922600070429,0.017456161726006305,-0.3700107111714615,0.22193343428706078,-0.10862305502572235,-0.24457286374955073,-0.13132040980721602,0.4343390332492557,-0.16171558447323273,-0.4952860554126028,0.08994295931999052,-0.03851447935165327
0.6898494646435687,0.9348755588603139,0.9523811791814951,0.6580762811393066,0.48672479904405763,0.9307960374745259,0.6151907806543699,0.9584072239320262,0.6368890140682855,0.7654139963827324,0.15901998717720708,0.8402980398382279,0.8040088967006358,0.8875348044428113,0.9491982038177461,1.0,0.573148569936465,0.9597334543697381,0.5059726864729314,-0.47554844962229603,-0.19045753006071806,-0.34238635912147625,0.35505045727368445,-0.05552968722678715,0.8703607599036964,-0.1859528907809621,-0.27001535271328786,-0.5465024491082133,-0.6182764631423481,-0.2372970440552505,-0.14685199280136566,-0.12715718233082157,-0.47398660708956786,-0.15901998717720697,-0.5384770228278862,-0.12105622082949734,0.6382774624896738,-0.5138693001613389,-0.45891233032217993,-0.23495383077869045,-0.19122257053291536,-0.5651524462641042,-0.25579891310894787,-0.07228181235327583,-0.34754284598170737,-0.026571322676784456,-0.47925826658492626,-0.19754191541301752,-0.487058727979008,-0.1780966552377324,-0.648835663142493,-0.5759005487115546,-0.1647905966558906,-0.49437178996767206,-0.20166446863524873,0.09814465800896535,0.20444383868581975,-0.05380497896107546,-0.4829843032652118,-0.07511746287542005,-0.07228181235327583,-0.07697356049800239,-0.3996368587540108,0.15934820215421475,-0.16969262595416076,-0.31715650317473154,-0.21108107130883355,0.4387725362554147,-0.22935661626078324,-0.5551942974074662,0.052431629211540605,-0.032774394712477006
0.5880352189407595,0.6530364201109073,0.4910515061387479,0.5892780132077683,0.11525073729836988,0.6945049468757719,-0.015439675148699527,0.567590980904065,-0.11123728918139632,0.8008534347238064,-0.3261722885168685,0.7726344199355025,0.4931895804486776,0.6214668049353478,0.4633500202424797,0.573148569936465,1.0,0.6743937538617895,0.4836347726284604,0.09951336428584483,0.049393173127872746,0.2881689583776109,0.686016293442677,0.5025206744153112,0.8387053207911335,0.4884902941732667,-0.013800678366016277,0.009310710731315565,-0.230690946299995,0.43022665869609633,0.2686503475873757,0.2685260915806554,0.13158769092648576,0.1462151638179066,0.04764474729123022,0.3684742581376327,0.9321986415997288,0.003476521072799954,0.1664043640282187,-0.04291790242515458,0.4170570445069595,-0.16804344512405733,-0.08602641667634915,0.12372052323053638,0.33327735132139086,0.5085554518663181,-0.06256239800753832,0.10515720775703966,0.059100858237605934,0.4019458446975938,-0.16563955972132063,-0.06957475070593991,0.5046570336213596,-0.6319579069672883,0.4977217994647949,0.7185519249703103,0.3817467095924075,0.595718210073427,0.09724917658595515,0.21429023217429463,0.12372052323053638,-0.16074896482071221,-7.531549884263925e-17,0.33060234831814556,0.07406226395507468,0.3516455015688855,0.05474167335809907,0.7584203441916888,-0.08667267164801931,-0.0306546256951067,0.6259582962274627,0.382486378068269
0.7446913914309269,0.9760602146440929,0.9188418248331218,0.7150358268885958,0.48027676396711616,0.9842256801355079,0.6048029147135319,0.9659900589044611,0.555860801410715,0.8618414466825702,0.11382765989781285,0.8974123474866785,0.8561945657243208,0.9513541666492612,0.9139725402937642,0.9597334543697381,0.6743937538617895,1.0,0.5423553206895788,-0.5230529935013846,-0.2254360320661972,-0.34841072233102893,0.3539454609734982,-0.02301232002504525,0.8887972885790725,-0.14489716996656749,-0.3678856048892047,-0.5967795394901495,-0.7239316455428557,-0.21832548429149723,-0.18934559336016352,-0.16827233018787108,-0.5116061336322657,-0.2209595750957543,-0.5799913901402183,-0.13673097595205558,0.7261102159656322,-0.5815686794688387,-0.47992995335221234,-0.39460319946144856,-0.16116552713319357,-0.6650292500005714,-0.3860097123460229,-0.10043617049807015,-0.33317297094661197,-0.01722983293203369,-0.5050366547869513,-0.3322726594793201,-0.5401758908945439,-0.16565956772847718,-0.6996500419014192,-0.6511094879674381,-0.13154048669522783,-0.6696114487324972,-0.15150349644863245,0.1550220791167749,0.08522291668271235,0.013418902917480232,-0.5303117256267684,-0.12757107016155908,-0.10043617049807015,-0.24956258363516065,-0.4206808254696776,0.06560463185051843,-0.2051175160243424,-0.2769037558932109,-0.3086347671020474,0.4414909902553183,-0.3854666474559232,-0.6077564735942538,0.13984652632005726,-0.11493501758481109
0.8998884357447585,0.501052401621662,0.387697984396756,0.8207242791832112,0.6831300510639733,0.48915129827008047,0.12812263806704746,0.5145405311776157,0.21978032945096074,0.6694386813952028,-0.06666666666666664,0.672538245981366,0.6925220967305619,0.5847053462046862,0.322776554577163,0.5059726864729314,0.4836347726284604,0.5423553206895788,1.0,-0.27727959732395335,-0.09759000729485334,-0.1936991993916372,-0.054216670719362946,-0.2021680850305127,0.47079630023996943,-0.0907979890149573,-0.40900641236190893,-0.31273045647885894,-0.38390252895109334,-0.12379120069941137,-0.3111549781628295,-0.16754156331667816,-0.29850500625204524,-0.14666666666666667,-0.30188282246868503,-0.2056748848872445,0.4131182235954579,-0.30909772123696644,-0.27770593599480226,-0.29207615031946993,-0.24575816200113804,-0.3973879289402055,-0.4185808910492431,-0.06666666666666668,-0.12838337664463942,-0.2205643866281422,-0.1928308024456601,-0.33562431103976886,-0.3090977212369664,-0.19684215129658436,-0.3272672075485291,-0.3134187175600826,-0.11318329168362205,-0.4904609306290291,-0.05784637712254195,0.03481553119113955,-0.09428090415820635,0.019086611143795597,-0.3274115128966088,-0.11547005383792519,-0.06666666666666668,-0.354969703497913,-0.16754156331667822,-0.16329931618554536,-0.09543305571897806,-0.25990319135049533,-0.286299167156934,0.0697736030890466,-0.39285862539007455,-0.3799188539768645,-0.05836373903429473,-0.06477502756313036
-0.47444077349959857,-0.49424121544179905,-0.3968921523099103,-0.4431121774458467,-0.5239745380130894,-0.4792134462474482,-0.4747537857475535,-0.4858815731405456,-0.45176627538140274,-0.44641248934718164,-0.43860590849425357,-0.3996024300657237,-0.5899702056057529,-0.5836567066156731,-0.44578385911482443,-0.47554844962229603,0.09951336428584483,-0.5230529935013846,-0.27727959732395335,1.0,0.5387343841543029,0.9414581915346627,0.5223345551085097,0.6268201346098985,-0.13697880435132714,0.8430289383103262,0.8062358387117518,0.9918757476888769,0.9241107559699857,0.8930682181418487,0.8650761402105563,0.7348471958905912,0.9895912947854164,0.7128606374837637,0.9890066342776619,0.7680459595305127,0.0702915881026103,0.9895204039226249,0.9884763902464476,0.7801803457180808,0.7444792969949044,0.9448551168819338,0.7821366729276047,0.3680256473572472,0.9392258784137777,0.6986838674003796,0.7863168068161883,0.8520590979370342,0.9895204039226249,0.8649011894173121,0.9086236955174976,0.9717516130234994,0.7813248237363157,0.5294423296992563,0.8415753148557722,0.6573248832277033,0.6773198886357111,0.6220890829940063,0.9928177870676644,0.6025109487681005,0.3680256473572472,0.6032704407178073,0.7475169751300841,0.6915425027922206,0.5268271816538569,0.8119933190990646,0.8068394371082352,0.48316740001272385,0.8067038507633035,0.9847350248692958,0.3625428928521812,0.8408916984605976
-0.16698191642534496,-0.23374178873925686,-0.11011809820102195,-0.13969968905677815,-0.14285714285714293,-0.18504512555539454,-0.13396595553856072,-0.17381774143080425,-0.029247769028706207,-0.2672612419124244,-0.09759000729485336,-0.3281650616569469,-0.27810800849007916,-0.3423683940087304,-0.12434118282549854,-0.19045753006071806,0.049393173127872746,-0.2254360320661972,-0.09759000729485334,0.5387343841543029,1.0,0.47257765704092825,0.3015873015873017,0.4932396223228566,0.03504280757400658,0.39874393846474643,0.3592344488943641,0.5116482203407042,0.4988324153034502,0.39866587791670877,0.5090706310465312,0.8583950752789524,0.5215407640134346,0.87831006565368,0.5274424032269348,0.7311874923873071,0.07559289460184558,0.5128024307957475,0.5466991285151979,0.45513994361171695,0.4867247990440577,0.5061687836179495,0.36764380989883655,0.6831300510639733,0.4425543050419566,0.39462280183379644,0.7599722072389079,0.35093120317179827,0.5128024307957475,0.4272530483698125,0.6159473197462395,0.50709255283711,0.3076976944152481,0.29191832547087637,0.43641957747665816,0.322776554577163,0.4140393356054126,0.3073393159249119,0.5467857985546308,0.8451542547285166,0.6831300510639733,0.3555311426838729,0.8583950752789522,0.35856858280031834,0.977897823397447,0.5744189659319083,0.3632191915476228,0.2188673496786943,0.3981365596834278,0.5400241326044898,0.10984598456358356,0.41089070180665965
-0.36713971370350046,-0.2894151302761323,-0.2511717575808528,-0.3848304714374866,-0.4210237308182815,-0.27437302259202745,-0.4012659644133354,-0.3171193739116197,-0.43099016921020383,-0.3054204540412609,-0.381528726074437,-0.22275626547058167,-0.4483956186838769,-0.45302782975943107,-0.2906704114746789,-0.34238635912147625,0.2881689583776109,-0.34841072233102893,-0.1936991993916372,0.9414581915346627,0.47257765704092825,1.0,0.5756855094862217,0.7416628070634614,0.0077282090197482636,0.9584298031855945,0.8090472826401375,0.9183526026391883,0.7743785898472474,0.9796207687601941,0.9137261117363905,0.7080581820930301,0.9639522798357616,0.6444900634303568,0.9405642777336133,0.7959188934248743,0.22733144649015805,0.9089655318129485,0.973810143826265,0.5981013897483095,0.8540566801877723,0.8374413975732535,0.7672331163720962,0.36978938065676203,0.9863238037941767,0.7918885986481611,0.6412386530566335,0.7471947000665475,0.9525087908219521,0.9675470619972161,0.761520017955719,0.8612538305450913,0.9125306378250252,0.3744080464087075,0.9602432619222706,0.8041399678422896,0.6059708648616321,0.8083120382595244,0.945606026279959,0.5591614245528839,0.36978938065676203,0.5609152022765291,0.6195509093314012,0.7332628577833817,0.4755765214707805,0.8816762367638824,0.8217558975237159,0.5678093450578428,0.7529818721342767,0.9128453774036132,0.582134581356179,0.845963270590834
0.039168597680019186,0.35016490190440375,0.3905898354993514,0.12107306384920774,-0.33333333333333337,0.3978023230538676,0.05656340344961449,0.31544701222627436,-0.02924776902870628,0.30685549997352424,-0.4012033633232859,0.3177471231916469,0.06877939994915928,0.26628652867345687,0.3656551820868361,0.35505045727368445,0.686016293442677,0.3539454609734982,-0.054216670719362946,0.5223345551085097,0.3015873015873017,0.5756855094862217,1.0,0.6072327794819168,0.6736006344781257,0.6875461325791302,0.44793431281889884,0.43983794380165847,0.2602908946238819,0.6724969859807106,0.6995999900347065,0.5995140208297444,0.5215407640134344,0.539998040364855,0.45141466942845776,0.6738394537686948,0.7727273670410867,0.4457694333061071,0.546699128515198,0.47352943628289745,0.627804450940886,0.32149692226480014,0.39240096881458286,0.29277002188456,0.5961347944629095,0.7453986256860597,0.36430413743833373,0.6004822809828548,0.47258263230196335,0.6878001269622563,0.28135865222976375,0.3675750250724025,0.6232850733026821,-0.13237137281111822,0.6593337231861287,0.7833466090615354,0.8127438810032175,0.5867386940384681,0.5137836378736926,0.5070925528371101,0.29277002188456,0.3190664101009115,0.38150892234620104,0.7436978013636227,0.31975706606329224,0.5843656146926338,0.46256119265466566,0.9646375782135038,0.42762815669701526,0.4504678917082229,0.4732870199097613,0.6777940636639752
-0.263924765421817,0.05899704000436168,0.015208090566923394,-0.2894027718497401,-0.2959437733937139,0.07889039853441626,-0.233120775483652,-0.018670915820803227,-0.33526392469050015,0.012303557842092753,-0.2021680850305127,-0.006474560442849084,-0.33824426066807045,-0.18913401623888695,0.0263310124987205,-0.05552968722678715,0.5025206744153112,-0.02301232002504525,-0.2021680850305127,0.6268201346098985,0.4932396223228566,0.7416628070634614,0.6072327794819168,1.0,0.31780436156637454,0.7852483768948386,0.5824913262069583,0.5838933205986294,0.3845759780936894,0.761810616866008,0.8029715599992461,0.7790458114312783,0.6832971969543559,0.6334599997622732,0.6122794654830059,0.8969593628707617,0.5011159209330054,0.5624072495079544,0.6911431030882098,0.3638148036998627,0.9147785316833903,0.4642977232545044,0.5523619506434732,0.44476978706712805,0.7091581655122629,0.9165944154500126,0.39883870236074737,0.5331269762703913,0.6290629235237121,0.8082542503434516,0.40642976280926973,0.49023155291845427,0.8597112822378029,0.04685372007126167,0.7889418661763584,0.8751312659322747,0.5146359259124668,0.8450560938012414,0.6628538697161553,0.6769864302207226,0.44476978706712805,0.373925840779062,0.47420179826251724,0.6272642907604542,0.5132075820802059,0.8932502183070252,0.5826642473241435,0.6307395230065685,0.4948693503545621,0.593309855138203,0.8478629334227613,0.6416767207315927
0.6356479252147873,0.8692783033266868,0.8304437334456825,0.6008372680913184,0.31538526816605894,0.8926996001312406,0.4272034313279189,0.851169469091528,0.38024678249755917,0.8231307954900816,-0.03989799154576014,0.8471537829675199,0.6843986184862115,0.8258313411710901,0.8113225834784212,0.8703607599036964,0.8387053207911335,0.8887972885790725,0.47079630023996943,-0.13697880435132714,0.03504280757400658,0.0077282090197482636,0.6736006344781257,0.31780436156637454,1.0,0.1968310519629326,-0.053307212316418384,-0.2311973464258229,-0.40323134920294645,0.13453891239845095,0.16430901204919962,0.2205908719334846,-0.12332354255727049,0.14203684990290605,-0.21796692792101646,0.2707984890074135,0.9024216597345031,-0.2145833818758363,-0.10201157676217176,-0.048492563842748554,0.19898904053464236,-0.34654456786774984,-0.09018289900241734,0.08777558140067229,0.01834091984626521,0.38426998677369534,-0.1722174201684672,0.0286944341237492,-0.18498567403089314,0.18117457726412356,-0.37493116575358904,-0.30603797182764453,0.22643441302353914,-0.5412492094779183,0.18694429549643055,0.5097886052689609,0.44010938989259624,0.32212188137215164,-0.15178909807274765,0.20731604543163026,0.08777558140067229,-0.01565337593749345,-0.08021486252126715,0.3909188841959573,0.05254470405361343,0.09820635696035993,0.011422761750786175,0.7289648865369461,-0.07595992440100013,-0.24845937858541392,0.36425894048475993,0.2506861697027399
-0.21673734305841988,-0.07749071781369313,-0.1024541564034876,-0.2224049916507798,-0.36920735043032066,-0.052398485300368496,-0.32406988390527586,-0.14574807356093722,-0.4142301266165619,-0.09209649399925633,-0.4136352832903611,-0.0436179430505392,-0.303268933484057,-0.25660200307478626,-0.1362539902639915,-0.1859528907809621,0.4884902941732667,-0.14489716996656749,-0.0907979890149573,0.8430289383103262,0.39874393846474643,0.9584298031855945,0.6875461325791302,0.7852483768948386,0.1968310519629326,1.0,0.6863460336520432,0.7989656971006743,0.5894455539079341,0.9883699703448934,0.8835751535537,0.6718826352962962,0.8757686140552887,0.5911957951418328,0.8326263202714257,0.7988692651531316,0.45324950579544676,0.7764774914286863,0.8970213784768817,0.4348697721458424,0.8991369189526511,0.664627772952545,0.6276798550094338,0.3127486288292974,0.96326536951877,0.8418674491097591,0.5364829654676078,0.6312474019295035,0.8450819284223857,0.972736166786157,0.6013791349655959,0.7114447318525595,0.9420414002052369,0.11500245664843149,0.9932299620420861,0.8974239398480941,0.5707011000051375,0.9040618491778452,0.8436977254504788,0.5067483528634021,0.3127486288292974,0.39864083058572874,0.5324352958951782,0.7042943520653457,0.4014843355773816,0.8984467479369844,0.7076522461615719,0.6863244750714351,0.5899397098314483,0.7957380162588894,0.6775546530654881,0.7874597667278136
-0.5062986911012706,-0.31303051298649004,-0.14594839756438388,-0.5854909761053004,-0.2794045713622834,-0.319955765986711,-0.09232906094816255,-0.2536196847069776,-0.08989156405645571,-0.48952963906213914,0.027267094157460585,-0.292537372953264,-0.41693139573537413,-0.4464100404213453,-0.16907527513151674,-0.27001535271328786,-0.013800678366016277,-0.3678856048892047,-0.40900641236190893,0.8062358387117518,0.3592344488943641,0.8090472826401375,0.44793431281889884,0.5824913262069583,-0.053307212316418384,0.6863460336520432,1.0,0.8201208860257938,0.7780359647613616,0.7311173420677668,0.8459338286872206,0.5938883056917212,0.8257516171637446,0.5544309145350318,0.8032318941271005,0.6609612961339181,-0.04224200062852574,0.8343914702136618,0.8029179054286963,0.7154815831925239,0.6523728594751705,0.8380010625884381,0.984672441431549,0.31811609850370687,0.7390870773486682,0.6782624607157421,0.531860413497616,0.8170981866655553,0.8343914702136618,0.8060224199089131,0.6692719322156204,0.7668926393962288,0.6987992088787155,0.7179041294158833,0.6739935390628885,0.5933239794567555,0.6812530670970677,0.5230386053207349,0.8279998059761684,0.4880225887066911,0.31811609850370687,0.8991274452363635,0.502520874046841,0.8682760769046373,0.3721120425913685,0.662129898552026,0.9914313862049753,0.42806776615522174,0.9517300510837975,0.8159812173053109,0.3876219018297745,0.803633182905262
-0.521109639672144,-0.5667129071951144,-0.46145472757111033,-0.48980621404758695,-0.5116482203407046,-0.5565853674274515,-0.47980409916282585,-0.549723682669674,-0.4576007670003733,-0.5205858125885409,-0.3863140932974141,-0.46836677358226514,-0.6409245663156238,-0.6453711876148965,-0.510960578574671,-0.5465024491082133,0.009310710731315565,-0.5967795394901495,-0.31273045647885894,0.9918757476888769,0.5116482203407042,0.9183526026391883,0.43983794380165847,0.5838933205986294,-0.2311973464258229,0.7989656971006743,0.8201208860257938,1.0,0.9510213399010784,0.8567020851759239,0.833343961703856,0.6934678620247908,0.9804575787583912,0.6806486405716341,0.9915522185128111,0.7215820911800677,-0.028498819995163748,0.9950733826662956,0.9750481163540712,0.7825523753116137,0.6980870700287402,0.9669549398194577,0.8001182949139725,0.3495222748881364,0.9153604263154463,0.6424347181131228,0.7899559629162269,0.8467356826638208,0.9893872490510595,0.8297291492605327,0.9288582946536974,0.983190324153342,0.7361744506146845,0.5963756660535119,0.7993303760627161,0.5924285994007118,0.6373857350899126,0.5635404828289443,0.9887104699377789,0.5735276890894494,0.3495222748881364,0.6237859284863391,0.7396990528264435,0.6646437158625166,0.5003396810163523,0.7776408814923528,0.8163436900793114,0.4043178932015806,0.8172059735626503,0.9890887468740471,0.3151941515232474,0.8043269799010322
